00028
00035
00145
00199
00480
00499
00530
00590
00631
00632
00633
00634
00635
00636
00637
00673
00674
00726
00766
00768
00807
00841
00842
00843
00844
00845
00846
00847
00848
00849
00850
00851
00852
00853
00854
00865
00923
00927
00928
00929
00930
00931
00932
00995
00996
01000
01001
01002
01003
01004
01131
01137
01138
01154
01155
01156
01165
01167
01170
01171
01172
01173
01176
01177
01178
01179
01180
01181
01183
01184
01185
01186
01187
01188
01190
01191
01193
01194
01195
01196
01197
01199
01200
01201
01202
01203
01204
01206
01224
01225
01226
01228
01229
01230
01283
01285
01329
01464
01493
01495
01570
01593
01594
01595
01596
01600
01603
01604
01605
01607
01608
01609
01610
01611
01612
01615
01616
01617
01618
01621
01632
01647
01652
01728
01729
01761
01955
01963
01969
01971
01972
01993
01994
01997
02014
02015
02028
02029
02052
02074
02104
02105
02130
02132
02143
02164
02165
02189
02190
02191
02192
02193
02194
02201
02204
02221
02243
02246
02247
02248
02250
02251
02252
02254
02308
02320
02323
02324
02333
02336
02346
02347
02348
02349
02359
02360
02370
02372
02376
02378
02379
02380
02398
02408
02410
02418
02429
02432
02450
02524
02525
02526
02543
02572
02573
02574
02575
02576
02577
02578
02582
02584
02646
02649
02678
02688
02693
02696
02719
02720
02726
02728
02741
02768
02777
02779
02799
02801
02829
02831
02877
02902
02905
02914
02925
02926
02928
02954
02955
02978
03013
03060
03132
03142
03153
03162
03163
