00028
00035
00145
00199
00204
00205
00206
00207
00480
00499
00529
00530
00590
00594
00631
00632
00633
00634
00635
00636
00637
00673
00674
00766
00767
00768
00807
00841
00842
00843
00844
00845
00846
00847
00848
00849
00850
00851
00852
00853
00854
00923
00927
00928
00929
00930
00931
00932
00995
00996
00997
01000
01001
01002
01003
01004
01131
01137
01138
01151
01152
01154
01155
01156
01165
01167
01168
01169
01170
01171
01172
01173
01174
01175
01176
01177
01178
01179
01180
01181
01182
01183
01184
01185
01186
01187
01188
01189
01190
01191
01192
01193
01194
01195
01196
01197
01198
01199
01200
01201
01202
01203
01204
01205
01206
01224
01225
01226
01227
01228
01229
01230
01231
01232
01283
01329
01493
01495
01511
01569
01570
01593
01594
01595
01596
01600
01603
01604
01605
01606
01607
01608
01609
01610
01611
01612
01615
01616
01617
01618
01621
01632
01647
01651
01652
01712
01724
01728
01729
01761
01767
01955
01963
01969
01970
01971
01972
01993
01995
01997
02014
02015
02028
02029
02052
02053
02074
02104
02105
02117
02130
02131
02132
02143
02164
02165
02189
02190
02191
02192
02193
02194
02201
02203
02204
02220
02221
02242
02243
02246
02247
02248
02250
02251
02252
02253
02254
02308
02320
02321
02323
02324
02333
02336
02359
02370
02397
02408
02646
02693
02726
02741
02778
02801
02877
02902
02914
02926
02928
02955
02957
03013
03060
03076
03088
03103
03132
03141
